{
 "cells": [
  {
   "cell_type": "code",
   "execution_count": 208,
   "id": "6a6c45de",
   "metadata": {},
   "outputs": [],
   "source": [
    "#1. Import the numbpy package under the name np\n",
    "import numpy as np"
   ]
  },
  {
   "cell_type": "code",
   "execution_count": 3,
   "id": "b26a20d9",
   "metadata": {},
   "outputs": [
    {
     "name": "stdout",
     "output_type": "stream",
     "text": [
      "1.20.1\n",
      "blas_mkl_info:\n",
      "    libraries = ['mkl_rt']\n",
      "    library_dirs = ['C:/Users/Insha/anaconda3\\\\Library\\\\lib']\n",
      "    define_macros = [('SCIPY_MKL_H', None), ('HAVE_CBLAS', None)]\n",
      "    include_dirs = ['C:/Users/Insha/anaconda3\\\\Library\\\\include']\n",
      "blas_opt_info:\n",
      "    libraries = ['mkl_rt']\n",
      "    library_dirs = ['C:/Users/Insha/anaconda3\\\\Library\\\\lib']\n",
      "    define_macros = [('SCIPY_MKL_H', None), ('HAVE_CBLAS', None)]\n",
      "    include_dirs = ['C:/Users/Insha/anaconda3\\\\Library\\\\include']\n",
      "lapack_mkl_info:\n",
      "    libraries = ['mkl_rt']\n",
      "    library_dirs = ['C:/Users/Insha/anaconda3\\\\Library\\\\lib']\n",
      "    define_macros = [('SCIPY_MKL_H', None), ('HAVE_CBLAS', None)]\n",
      "    include_dirs = ['C:/Users/Insha/anaconda3\\\\Library\\\\include']\n",
      "lapack_opt_info:\n",
      "    libraries = ['mkl_rt']\n",
      "    library_dirs = ['C:/Users/Insha/anaconda3\\\\Library\\\\lib']\n",
      "    define_macros = [('SCIPY_MKL_H', None), ('HAVE_CBLAS', None)]\n",
      "    include_dirs = ['C:/Users/Insha/anaconda3\\\\Library\\\\include']\n"
     ]
    }
   ],
   "source": [
    "#2. Print the numpy version and the configuration\n",
    "print(np.__version__)\n",
    "np.show_config()"
   ]
  },
  {
   "cell_type": "code",
   "execution_count": 79,
   "id": "d579ea53",
   "metadata": {},
   "outputs": [
    {
     "name": "stdout",
     "output_type": "stream",
     "text": [
      "[0. 0. 0. 0. 0. 0. 0. 0. 0. 0.]\n"
     ]
    }
   ],
   "source": [
    "#3. Create a null vector of size 10\n",
    "R=np.zeros(10)\n",
    "print (R)"
   ]
  },
  {
   "cell_type": "code",
   "execution_count": 80,
   "id": "22468976",
   "metadata": {},
   "outputs": [
    {
     "name": "stdout",
     "output_type": "stream",
     "text": [
      "1800 bytes\n"
     ]
    }
   ],
   "source": [
    "#4. How to find the memory size of any array\n",
    "R= np.zeros((15,15))\n",
    "print(\"%d bytes\" % (R.size * R.itemsize))"
   ]
  },
  {
   "cell_type": "code",
   "execution_count": 210,
   "id": "8b95221e",
   "metadata": {},
   "outputs": [
    {
     "ename": "SyntaxError",
     "evalue": "invalid syntax (<ipython-input-210-9cdb5d88c94f>, line 2)",
     "output_type": "error",
     "traceback": [
      "\u001b[1;36m  File \u001b[1;32m\"<ipython-input-210-9cdb5d88c94f>\"\u001b[1;36m, line \u001b[1;32m2\u001b[0m\n\u001b[1;33m    run `python -c \"import numpy; numpy.info(numpy.add)\"`\u001b[0m\n\u001b[1;37m        ^\u001b[0m\n\u001b[1;31mSyntaxError\u001b[0m\u001b[1;31m:\u001b[0m invalid syntax\n"
     ]
    }
   ],
   "source": [
    "# How to get the documentation of the numpy add function from the command line\n",
    "run `python -c \"import numpy; numpy.info(numpy.add)\"`"
   ]
  },
  {
   "cell_type": "code",
   "execution_count": 81,
   "id": "5c538ca8",
   "metadata": {},
   "outputs": [
    {
     "name": "stdout",
     "output_type": "stream",
     "text": [
      "[0. 0. 0. 0. 1. 0. 0. 0. 0. 0.]\n"
     ]
    }
   ],
   "source": [
    "#6. Create a null vector of size 10 but the fifth value which is 1\n",
    "R = np.zeros(10)\n",
    "R[4] = 1\n",
    "print(R)"
   ]
  },
  {
   "cell_type": "code",
   "execution_count": 82,
   "id": "3fce28cc",
   "metadata": {},
   "outputs": [
    {
     "name": "stdout",
     "output_type": "stream",
     "text": [
      "[10 11 12 13 14 15 16 17 18 19 20 21 22 23 24 25 26 27 28 29 30 31 32 33\n",
      " 34 35 36 37 38 39 40 41 42 43 44 45 46 47 48 49]\n"
     ]
    }
   ],
   "source": [
    "#7. Create a vector with values ranging from 10 to 49\n",
    "R = np.arange(10,50)\n",
    "print (R)"
   ]
  },
  {
   "cell_type": "code",
   "execution_count": 84,
   "id": "754bc9e1",
   "metadata": {},
   "outputs": [
    {
     "name": "stdout",
     "output_type": "stream",
     "text": [
      "[19 18 17 16 15 14 13 12 11 10  9  8  7  6  5  4  3  2  1  0]\n"
     ]
    }
   ],
   "source": [
    "#8. Reverse a vector( first element becomes last)\n",
    "R = np.arange(20)\n",
    "R = R[::-1]\n",
    "print(R)"
   ]
  },
  {
   "cell_type": "code",
   "execution_count": 85,
   "id": "07cdb311",
   "metadata": {},
   "outputs": [
    {
     "name": "stdout",
     "output_type": "stream",
     "text": [
      "[[0 1 2]\n",
      " [3 4 5]\n",
      " [6 7 8]]\n"
     ]
    }
   ],
   "source": [
    "#9. Create a 3x3 matrix with values ranging from 0 to 8\n",
    "R=np.arange(9).reshape(3,3)\n",
    "print(R)"
   ]
  },
  {
   "cell_type": "code",
   "execution_count": 86,
   "id": "50dcaa01",
   "metadata": {},
   "outputs": [
    {
     "name": "stdout",
     "output_type": "stream",
     "text": [
      "(array([0, 1, 4], dtype=int64),)\n"
     ]
    }
   ],
   "source": [
    "#10. Find indices of non-zero elements from [1,2,0,0,4,0]\n",
    "R=np.nonzero([1,2,0,0,4,0])\n",
    "print(R)"
   ]
  },
  {
   "cell_type": "code",
   "execution_count": 87,
   "id": "49eef3e6",
   "metadata": {
    "scrolled": true
   },
   "outputs": [
    {
     "name": "stdout",
     "output_type": "stream",
     "text": [
      "[[1. 0. 0.]\n",
      " [0. 1. 0.]\n",
      " [0. 0. 1.]]\n"
     ]
    }
   ],
   "source": [
    "#11. Create a 3x3 identity matrix\n",
    "R=np.eye(3)\n",
    "print(R)"
   ]
  },
  {
   "cell_type": "code",
   "execution_count": 88,
   "id": "814ce878",
   "metadata": {},
   "outputs": [
    {
     "name": "stdout",
     "output_type": "stream",
     "text": [
      "[[[0.50802133 0.27229207 0.83962785]\n",
      "  [0.43206486 0.05184196 0.29876569]\n",
      "  [0.00553181 0.66005046 0.97757816]]\n",
      "\n",
      " [[0.17969525 0.45509566 0.87789604]\n",
      "  [0.01464913 0.42156138 0.06420388]\n",
      "  [0.43336567 0.78864545 0.85537025]]\n",
      "\n",
      " [[0.71004085 0.84439328 0.62181487]\n",
      "  [0.64692437 0.89881173 0.8823197 ]\n",
      "  [0.35074455 0.96535017 0.32493029]]]\n"
     ]
    }
   ],
   "source": [
    "#12. Create a 3x3x3 array with random values\n",
    "R=np.random.random((3,3,3))\n",
    "print(R)"
   ]
  },
  {
   "cell_type": "code",
   "execution_count": 90,
   "id": "02dc3f88",
   "metadata": {},
   "outputs": [
    {
     "name": "stdout",
     "output_type": "stream",
     "text": [
      "0.009124797537419571 0.9985348847069483\n"
     ]
    }
   ],
   "source": [
    "#13. Create a 10x10 arrat with random value and find the minimum and maximum values\n",
    "R=np.random.random((10,10))\n",
    "Rmn, Rmx=R.min(), R.max()\n",
    "print(Rmn,Rmx)"
   ]
  },
  {
   "cell_type": "code",
   "execution_count": 91,
   "id": "e21fdb9f",
   "metadata": {},
   "outputs": [
    {
     "name": "stdout",
     "output_type": "stream",
     "text": [
      "0.40565802345749996\n"
     ]
    }
   ],
   "source": [
    "#14. Create a random vector of size 30 and find the mean value\n",
    "R=np.random.random(30)\n",
    "m=R.mean()\n",
    "print(m)"
   ]
  },
  {
   "cell_type": "code",
   "execution_count": 92,
   "id": "795447a6",
   "metadata": {},
   "outputs": [
    {
     "name": "stdout",
     "output_type": "stream",
     "text": [
      "[[1. 1. 1. 1. 1. 1. 1. 1. 1. 1.]\n",
      " [1. 0. 0. 0. 0. 0. 0. 0. 0. 1.]\n",
      " [1. 0. 0. 0. 0. 0. 0. 0. 0. 1.]\n",
      " [1. 0. 0. 0. 0. 0. 0. 0. 0. 1.]\n",
      " [1. 0. 0. 0. 0. 0. 0. 0. 0. 1.]\n",
      " [1. 0. 0. 0. 0. 0. 0. 0. 0. 1.]\n",
      " [1. 0. 0. 0. 0. 0. 0. 0. 0. 1.]\n",
      " [1. 0. 0. 0. 0. 0. 0. 0. 0. 1.]\n",
      " [1. 0. 0. 0. 0. 0. 0. 0. 0. 1.]\n",
      " [1. 1. 1. 1. 1. 1. 1. 1. 1. 1.]]\n"
     ]
    }
   ],
   "source": [
    "#15. Create a 2d array with 1 on the border and 0 inside \n",
    "R=np.ones((10,10))\n",
    "R[1:-1,1:-1] = 0\n",
    "print (R)"
   ]
  },
  {
   "cell_type": "code",
   "execution_count": 93,
   "id": "c53113e7",
   "metadata": {},
   "outputs": [
    {
     "name": "stdout",
     "output_type": "stream",
     "text": [
      "[[0. 0. 0. 0. 0. 0. 0. 0. 0. 0. 0. 0. 0. 0. 0. 0. 0.]\n",
      " [0. 1. 1. 1. 1. 1. 1. 1. 1. 1. 1. 1. 1. 1. 1. 1. 0.]\n",
      " [0. 1. 1. 1. 1. 1. 1. 1. 1. 1. 1. 1. 1. 1. 1. 1. 0.]\n",
      " [0. 1. 1. 1. 1. 1. 1. 1. 1. 1. 1. 1. 1. 1. 1. 1. 0.]\n",
      " [0. 1. 1. 1. 1. 1. 1. 1. 1. 1. 1. 1. 1. 1. 1. 1. 0.]\n",
      " [0. 1. 1. 1. 1. 1. 1. 1. 1. 1. 1. 1. 1. 1. 1. 1. 0.]\n",
      " [0. 1. 1. 1. 1. 1. 1. 1. 1. 1. 1. 1. 1. 1. 1. 1. 0.]\n",
      " [0. 1. 1. 1. 1. 1. 1. 1. 1. 1. 1. 1. 1. 1. 1. 1. 0.]\n",
      " [0. 1. 1. 1. 1. 1. 1. 1. 1. 1. 1. 1. 1. 1. 1. 1. 0.]\n",
      " [0. 1. 1. 1. 1. 1. 1. 1. 1. 1. 1. 1. 1. 1. 1. 1. 0.]\n",
      " [0. 1. 1. 1. 1. 1. 1. 1. 1. 1. 1. 1. 1. 1. 1. 1. 0.]\n",
      " [0. 1. 1. 1. 1. 1. 1. 1. 1. 1. 1. 1. 1. 1. 1. 1. 0.]\n",
      " [0. 1. 1. 1. 1. 1. 1. 1. 1. 1. 1. 1. 1. 1. 1. 1. 0.]\n",
      " [0. 1. 1. 1. 1. 1. 1. 1. 1. 1. 1. 1. 1. 1. 1. 1. 0.]\n",
      " [0. 1. 1. 1. 1. 1. 1. 1. 1. 1. 1. 1. 1. 1. 1. 1. 0.]\n",
      " [0. 1. 1. 1. 1. 1. 1. 1. 1. 1. 1. 1. 1. 1. 1. 1. 0.]\n",
      " [0. 0. 0. 0. 0. 0. 0. 0. 0. 0. 0. 0. 0. 0. 0. 0. 0.]]\n"
     ]
    }
   ],
   "source": [
    "#16. How to add a border(filled with 0's) around an existing array?\n",
    "R = np.ones((15,15))\n",
    "R = np.pad(R, pad_width=1, mode='constant', constant_values=0)\n",
    "print(R)\n"
   ]
  },
  {
   "cell_type": "code",
   "execution_count": 52,
   "id": "f92273ed",
   "metadata": {},
   "outputs": [
    {
     "name": "stdout",
     "output_type": "stream",
     "text": [
      "nan\n",
      "False\n",
      "False\n",
      "nan\n",
      "True\n",
      "False\n"
     ]
    }
   ],
   "source": [
    "#17. What is the result of the following expression\n",
    "# Adding the print command infront of each of them gives:\n",
    "print(0*np.nan)\n",
    "print(np.nan == np.nan)\n",
    "print(np.inf > np.nan)\n",
    "print(np.nan - np.nan)\n",
    "print(np.nan in set([np.nan]))\n",
    "print(0.3 == 3*0.1)\n",
    "\n"
   ]
  },
  {
   "cell_type": "code",
   "execution_count": 94,
   "id": "22469f9e",
   "metadata": {},
   "outputs": [
    {
     "name": "stdout",
     "output_type": "stream",
     "text": [
      "[[0 0 0 0 0]\n",
      " [1 0 0 0 0]\n",
      " [0 2 0 0 0]\n",
      " [0 0 3 0 0]\n",
      " [0 0 0 4 0]]\n"
     ]
    }
   ],
   "source": [
    "#18. Create a 5x5 matrix with values 1,2,3,4 just below the diagonal\n",
    "R = np.diag(1+np.arange(4),k =-1)\n",
    "print(R)\n"
   ]
  },
  {
   "cell_type": "code",
   "execution_count": 95,
   "id": "087fcf4c",
   "metadata": {},
   "outputs": [
    {
     "name": "stdout",
     "output_type": "stream",
     "text": [
      "[[0 1 0 1 0 1 0 1]\n",
      " [1 0 1 0 1 0 1 0]\n",
      " [0 1 0 1 0 1 0 1]\n",
      " [1 0 1 0 1 0 1 0]\n",
      " [0 1 0 1 0 1 0 1]\n",
      " [1 0 1 0 1 0 1 0]\n",
      " [0 1 0 1 0 1 0 1]\n",
      " [1 0 1 0 1 0 1 0]]\n"
     ]
    }
   ],
   "source": [
    "#19. Create a 8x8 matrix and fill it with a checkerboard pattern\n",
    "R= np.zeros((8,8),dtype=int)\n",
    "R[1::2,::2] = 1\n",
    "R[::2,1::2] = 1\n",
    "print(R)"
   ]
  },
  {
   "cell_type": "code",
   "execution_count": 203,
   "id": "1061bf6d",
   "metadata": {},
   "outputs": [
    {
     "name": "stdout",
     "output_type": "stream",
     "text": [
      "(1, 5, 3)\n"
     ]
    }
   ],
   "source": [
    "#20. Consider a (6,7,8) shape array, what is the index(x,y,z) of the 100th element?\n",
    "print(np.unravel_index(99,(6,7,8)))"
   ]
  },
  {
   "cell_type": "code",
   "execution_count": 96,
   "id": "80c0ce88",
   "metadata": {},
   "outputs": [
    {
     "name": "stdout",
     "output_type": "stream",
     "text": [
      "[[0 1 0 1 0 1 0 1]\n",
      " [1 0 1 0 1 0 1 0]\n",
      " [0 1 0 1 0 1 0 1]\n",
      " [1 0 1 0 1 0 1 0]\n",
      " [0 1 0 1 0 1 0 1]\n",
      " [1 0 1 0 1 0 1 0]\n",
      " [0 1 0 1 0 1 0 1]\n",
      " [1 0 1 0 1 0 1 0]]\n"
     ]
    }
   ],
   "source": [
    "#21. Create a checkerboard 8x8 matrix using the tile function\n",
    "R = np.tile (np.array([[0,1],[1,0]]), (4,4))\n",
    "print(R)"
   ]
  },
  {
   "cell_type": "code",
   "execution_count": 97,
   "id": "4d21e271",
   "metadata": {},
   "outputs": [
    {
     "name": "stdout",
     "output_type": "stream",
     "text": [
      "[[-1.52979044  0.01857737  1.01538481  0.76951612  0.45475159]\n",
      " [ 1.5195554   0.52981627 -1.67030402 -1.21004871 -0.25748612]\n",
      " [ 1.31048331 -0.69897837 -0.81070719  1.1722971   1.14485273]\n",
      " [-1.58818184 -0.37521613  0.56795153 -0.01209757  0.2410342 ]\n",
      " [-0.66788946  0.3454421  -1.45468473 -0.39270824  1.57843027]]\n"
     ]
    }
   ],
   "source": [
    "#22. Normalize a 5x5 random matrix\n",
    "R = np.random.random((5,5))\n",
    "R = (R-np.mean(R))/(np.std(R))\n",
    "print(R)"
   ]
  },
  {
   "cell_type": "code",
   "execution_count": 212,
   "id": "c14a70a3",
   "metadata": {},
   "outputs": [],
   "source": [
    "#23. Create a custom dtype that describes a colour as four unsigned bytes(RGBA)\n",
    "color = np.dtype([(\"r\", np.ubyte),\n",
    "                  (\"g\", np.ubyte),\n",
    "                  (\"b\", np.ubyte),\n",
    "                  (\"a\", np.ubyte)])"
   ]
  },
  {
   "cell_type": "code",
   "execution_count": 98,
   "id": "e35bb05c",
   "metadata": {},
   "outputs": [
    {
     "name": "stdout",
     "output_type": "stream",
     "text": [
      "[[3. 3.]\n",
      " [3. 3.]\n",
      " [3. 3.]\n",
      " [3. 3.]\n",
      " [3. 3.]]\n"
     ]
    }
   ],
   "source": [
    "#24. Multiply a 5x3 matrix by a 3x2 matrix( real matrix product)\n",
    "R = np.dot(np.ones((5,3)), np.ones((3,2)))\n",
    "print(R)"
   ]
  },
  {
   "cell_type": "code",
   "execution_count": 214,
   "id": "3bff95be",
   "metadata": {},
   "outputs": [
    {
     "name": "stdout",
     "output_type": "stream",
     "text": [
      "[ 0  1  2  3 -4 -5 -6 -7 -8  9 10]\n"
     ]
    }
   ],
   "source": [
    "#25. Given a 1D array, negate all elements which are between 3 and 8, in place\n",
    "R = np.arange(11)\n",
    "R[(3<R) & (R<=8)] *= -1\n",
    "print(R)"
   ]
  },
  {
   "cell_type": "code",
   "execution_count": 80,
   "id": "c2f30465",
   "metadata": {},
   "outputs": [
    {
     "name": "stdout",
     "output_type": "stream",
     "text": [
      "9\n",
      "10\n"
     ]
    }
   ],
   "source": [
    "#26. What is the output of the following script?\n",
    "#Author:Jake VanderPlas\n",
    "print(sum(range(5),-1))\n",
    "from numpy import*\n",
    "print(sum(range(5),-1))"
   ]
  },
  {
   "cell_type": "code",
   "execution_count": 217,
   "id": "25ec0a25",
   "metadata": {},
   "outputs": [],
   "source": [
    "#27. Consider an integer vector Z, which of these expressions are legal?\n",
    "#Z**Z\n",
    "#Z<-Z\n",
    "#1j*Z\n",
    "#Z/1/1\n",
    "#Z<Z>Z"
   ]
  },
  {
   "cell_type": "code",
   "execution_count": 92,
   "id": "cb63ecb9",
   "metadata": {},
   "outputs": [
    {
     "name": "stdout",
     "output_type": "stream",
     "text": [
      "nan\n",
      "0\n",
      "[-2.14748365e+09]\n"
     ]
    },
    {
     "name": "stderr",
     "output_type": "stream",
     "text": [
      "<ipython-input-92-d5d689649c64>:3: RuntimeWarning: invalid value encountered in true_divide\n",
      "  print(np.array(0)/np.array(0))\n",
      "<ipython-input-92-d5d689649c64>:4: RuntimeWarning: divide by zero encountered in floor_divide\n",
      "  print(np.array(0)//np.array(0))\n"
     ]
    }
   ],
   "source": [
    "#28. What is the result of the following expressions?\n",
    "#Using print command for each of them gives:\n",
    "print(np.array(0)/np.array(0))\n",
    "print(np.array(0)//np.array(0))\n",
    "print(np.array([np.nan]).astype(int).astype(float))"
   ]
  },
  {
   "cell_type": "code",
   "execution_count": 101,
   "id": "f81436c8",
   "metadata": {
    "scrolled": true
   },
   "outputs": [
    {
     "name": "stdout",
     "output_type": "stream",
     "text": [
      "[-9. -4. -6. -7. -1. -7. -9. -3.  5.  2.]\n"
     ]
    }
   ],
   "source": [
    "#29. How to round away from zero a float array?\n",
    "R = np.random.uniform(-10,+10,10)\n",
    "print(np.copysign(np.ceil(np.abs(R)), R))\n"
   ]
  },
  {
   "cell_type": "code",
   "execution_count": 102,
   "id": "aac355c6",
   "metadata": {},
   "outputs": [
    {
     "name": "stdout",
     "output_type": "stream",
     "text": [
      "[0 5 7 8 9]\n"
     ]
    }
   ],
   "source": [
    "#30. How to find common values between two arrays?\n",
    "R1 = np.random.randint(0,10,10)\n",
    "R2 = np.random.randint(0,10,10)\n",
    "print(np.intersect1d(R1,R2))"
   ]
  },
  {
   "cell_type": "code",
   "execution_count": 104,
   "id": "9fe2b633",
   "metadata": {},
   "outputs": [],
   "source": [
    "#31. How to ignore all numby warnings (not recommended)?\n",
    "defaults = np.seterr(all= \"ignore\")\n",
    "R = np.ones(1)/0\n",
    "_ = np.seterr(**defaults)\n",
    "\n",
    "#with a context manager\n",
    "with np.errstate(all='ignore'):\n",
    "    np.arange(3)/0"
   ]
  },
  {
   "cell_type": "code",
   "execution_count": 218,
   "id": "e12ccda4",
   "metadata": {},
   "outputs": [
    {
     "name": "stdout",
     "output_type": "stream",
     "text": [
      "False\n"
     ]
    },
    {
     "name": "stderr",
     "output_type": "stream",
     "text": [
      "<ipython-input-218-41b21578ae12>:2: RuntimeWarning: invalid value encountered in sqrt\n",
      "  print(np.sqrt(-1)==np.emath.sqrt(-1))\n"
     ]
    }
   ],
   "source": [
    "#32. Is the following expressions true?\n",
    "print(np.sqrt(-1)==np.emath.sqrt(-1))"
   ]
  },
  {
   "cell_type": "code",
   "execution_count": 108,
   "id": "52c5f48d",
   "metadata": {},
   "outputs": [
    {
     "name": "stdout",
     "output_type": "stream",
     "text": [
      "2021-09-09\n",
      "2021-09-10\n",
      "2021-09-11\n"
     ]
    }
   ],
   "source": [
    "#33. How to get the dates of yesterday, today and tomorrow?\n",
    "yesterday = np.datetime64('today', 'D') - np.timedelta64(1, 'D')\n",
    "today = np.datetime64('today','D')\n",
    "tomorrow = np.datetime64('today', 'D')+np.timedelta64(1, 'D')\n",
    "print(yesterday)\n",
    "print(today)\n",
    "print(tomorrow)\n"
   ]
  },
  {
   "cell_type": "code",
   "execution_count": 105,
   "id": "a5c19d9e",
   "metadata": {},
   "outputs": [
    {
     "name": "stdout",
     "output_type": "stream",
     "text": [
      "['2016-07-01' '2016-07-02' '2016-07-03' '2016-07-04' '2016-07-05'\n",
      " '2016-07-06' '2016-07-07' '2016-07-08' '2016-07-09' '2016-07-10'\n",
      " '2016-07-11' '2016-07-12' '2016-07-13' '2016-07-14' '2016-07-15'\n",
      " '2016-07-16' '2016-07-17' '2016-07-18' '2016-07-19' '2016-07-20'\n",
      " '2016-07-21' '2016-07-22' '2016-07-23' '2016-07-24' '2016-07-25'\n",
      " '2016-07-26' '2016-07-27' '2016-07-28' '2016-07-29' '2016-07-30'\n",
      " '2016-07-31']\n"
     ]
    }
   ],
   "source": [
    "#34. How to get all the dates correspoding to the month of July 2016?\n",
    "R=np.arange('2016-07', '2016-08', dtype='datetime64[D]')\n",
    "print(R)"
   ]
  },
  {
   "cell_type": "code",
   "execution_count": 106,
   "id": "e01ced87",
   "metadata": {},
   "outputs": [
    {
     "data": {
      "text/plain": [
       "array([-1.5, -1.5, -1.5])"
      ]
     },
     "execution_count": 106,
     "metadata": {},
     "output_type": "execute_result"
    }
   ],
   "source": [
    "#35. How to compute((A+B)*(-A/2)) in place (without copy)?\n",
    "A=np.ones(3)*1\n",
    "B=np.ones(3)*2\n",
    "np.add(A,B, out=B)\n",
    "np.divide(A,2,out=A)\n",
    "np.negative(A,out=A)\n",
    "np.multiply(A,B, out=A)"
   ]
  },
  {
   "cell_type": "code",
   "execution_count": 107,
   "id": "236b9e7f",
   "metadata": {},
   "outputs": [
    {
     "name": "stdout",
     "output_type": "stream",
     "text": [
      "[1. 4. 3. 3. 7. 9. 4. 4. 3. 2.]\n",
      "[1. 4. 3. 3. 7. 9. 4. 4. 3. 2.]\n",
      "[1. 4. 3. 3. 7. 9. 4. 4. 3. 2.]\n",
      "[1. 4. 3. 3. 7. 9. 4. 4. 3. 2.]\n"
     ]
    }
   ],
   "source": [
    "#36. Extract the integer part of a random array of positive numbers using 4 different methods?\n",
    "R=np.random.uniform(0,10,10)\n",
    "print(R-R%1)\n",
    "print(np.trunc(R))\n",
    "print(np.ceil(R)-1)\n",
    "print(np.floor(R))"
   ]
  },
  {
   "cell_type": "code",
   "execution_count": 108,
   "id": "86fe861c",
   "metadata": {},
   "outputs": [
    {
     "name": "stdout",
     "output_type": "stream",
     "text": [
      "[[0. 1. 2. 3. 4.]\n",
      " [0. 1. 2. 3. 4.]\n",
      " [0. 1. 2. 3. 4.]\n",
      " [0. 1. 2. 3. 4.]\n",
      " [0. 1. 2. 3. 4.]]\n"
     ]
    }
   ],
   "source": [
    "#37. Create a 5x5 matrix with row values ranging from 0 to 4\n",
    "R = np.zeros((5,5))\n",
    "R+= np.arange(5)\n",
    "print(R)"
   ]
  },
  {
   "cell_type": "code",
   "execution_count": 112,
   "id": "72eca9d6",
   "metadata": {},
   "outputs": [
    {
     "name": "stdout",
     "output_type": "stream",
     "text": [
      "[0. 1. 2. 3. 4. 5. 6. 7. 8. 9.]\n"
     ]
    }
   ],
   "source": [
    "#38. Consider a generator function that generates 10 integers and use it to build an array\n",
    "def generate():\n",
    "    for x in range(10):\n",
    "        yield x\n",
    "R = np.fromiter(generate(),dtype=float,count=-1)\n",
    "print(R)"
   ]
  },
  {
   "cell_type": "code",
   "execution_count": 113,
   "id": "01492723",
   "metadata": {},
   "outputs": [
    {
     "name": "stdout",
     "output_type": "stream",
     "text": [
      "[0.09090909 0.18181818 0.27272727 0.36363636 0.45454545 0.54545455\n",
      " 0.63636364 0.72727273 0.81818182 0.90909091]\n"
     ]
    }
   ],
   "source": [
    "#39. Create a vector of size 10 with values ranging from 0 to 1, both excluded\n",
    "R = np.linspace(0,1,11,endpoint=False)[1:]\n",
    "print(R)"
   ]
  },
  {
   "cell_type": "code",
   "execution_count": 114,
   "id": "4f453198",
   "metadata": {
    "scrolled": true
   },
   "outputs": [
    {
     "name": "stdout",
     "output_type": "stream",
     "text": [
      "[0.13011851 0.19986774 0.27143099 0.42709954 0.44820877 0.73167434\n",
      " 0.81832695 0.89234511 0.93948307 0.96848063]\n"
     ]
    }
   ],
   "source": [
    "#40. Create a random vector of size 10 and sort it\n",
    "R=np.random.random(10)\n",
    "R.sort()\n",
    "print(R)"
   ]
  },
  {
   "cell_type": "code",
   "execution_count": 115,
   "id": "db323196",
   "metadata": {},
   "outputs": [
    {
     "data": {
      "text/plain": [
       "300"
      ]
     },
     "execution_count": 115,
     "metadata": {},
     "output_type": "execute_result"
    }
   ],
   "source": [
    "#41. How to sum a small array faster than np.sum?\n",
    "R=np.arange(25)\n",
    "np.add.reduce(R)"
   ]
  },
  {
   "cell_type": "code",
   "execution_count": 116,
   "id": "60f3da6d",
   "metadata": {},
   "outputs": [
    {
     "name": "stdout",
     "output_type": "stream",
     "text": [
      "False\n",
      "False\n"
     ]
    }
   ],
   "source": [
    "#42. Consider two random array A and B, check if they are equal\n",
    "A = np.random.randint(3,6,2)\n",
    "B = np.random.randint(3,6,2)\n",
    "\n",
    "equal = np.allclose(A,B)\n",
    "print(equal)\n",
    "\n",
    "equal = np.array_equal(A,B)\n",
    "print(equal)"
   ]
  },
  {
   "cell_type": "code",
   "execution_count": 117,
   "id": "bc137ada",
   "metadata": {},
   "outputs": [
    {
     "ename": "ValueError",
     "evalue": "assignment destination is read-only",
     "output_type": "error",
     "traceback": [
      "\u001b[1;31m---------------------------------------------------------------------------\u001b[0m",
      "\u001b[1;31mValueError\u001b[0m                                Traceback (most recent call last)",
      "\u001b[1;32m<ipython-input-117-e4bd44b72c49>\u001b[0m in \u001b[0;36m<module>\u001b[1;34m\u001b[0m\n\u001b[0;32m      2\u001b[0m \u001b[0mR\u001b[0m\u001b[1;33m=\u001b[0m \u001b[0mnp\u001b[0m\u001b[1;33m.\u001b[0m\u001b[0mzeros\u001b[0m\u001b[1;33m(\u001b[0m\u001b[1;36m10\u001b[0m\u001b[1;33m)\u001b[0m\u001b[1;33m\u001b[0m\u001b[1;33m\u001b[0m\u001b[0m\n\u001b[0;32m      3\u001b[0m \u001b[0mR\u001b[0m\u001b[1;33m.\u001b[0m\u001b[0mflags\u001b[0m\u001b[1;33m.\u001b[0m\u001b[0mwriteable\u001b[0m \u001b[1;33m=\u001b[0m \u001b[1;32mFalse\u001b[0m\u001b[1;33m\u001b[0m\u001b[1;33m\u001b[0m\u001b[0m\n\u001b[1;32m----> 4\u001b[1;33m \u001b[0mR\u001b[0m\u001b[1;33m[\u001b[0m\u001b[1;36m0\u001b[0m\u001b[1;33m]\u001b[0m \u001b[1;33m=\u001b[0m \u001b[1;36m1\u001b[0m\u001b[1;33m\u001b[0m\u001b[1;33m\u001b[0m\u001b[0m\n\u001b[0m",
      "\u001b[1;31mValueError\u001b[0m: assignment destination is read-only"
     ]
    }
   ],
   "source": [
    "#43. Make an immutable(read-only)\n",
    "R= np.zeros(10)\n",
    "R.flags.writeable = False\n",
    "R[0] = 1\n"
   ]
  },
  {
   "cell_type": "code",
   "execution_count": 119,
   "id": "d12e8745",
   "metadata": {},
   "outputs": [
    {
     "name": "stdout",
     "output_type": "stream",
     "text": [
      "[1.21527589 0.65243141 0.97151846 0.98148469 0.62845079 1.07650059\n",
      " 0.93107537 1.03010582 0.2562969  1.0588769 ]\n",
      "[0.61412244 0.71045747 1.48589173 0.21116577 1.29505547 0.4137126\n",
      " 0.54893111 0.25984201 0.69007096 0.60032961]\n"
     ]
    }
   ],
   "source": [
    "#44. Consider a randoM, 10x2 matrix representing cartesian coordinates, convert them to polar coordinates\n",
    "R= np.random.random((10,2))\n",
    "X,Y = R[:,0], R[:,1]\n",
    "B = np.sqrt(X**2+Y**2)\n",
    "T = np.arctan2(Y,X)\n",
    "print(B)\n",
    "print(T)"
   ]
  },
  {
   "cell_type": "code",
   "execution_count": 120,
   "id": "37a256e8",
   "metadata": {},
   "outputs": [
    {
     "name": "stdout",
     "output_type": "stream",
     "text": [
      "[0.45470305 0.305598   0.08388824 0.03980955 0.4792142  0.36394922\n",
      " 0.95311749 0.         0.29970884 0.0055359 ]\n"
     ]
    }
   ],
   "source": [
    "#45. Create random vector of size 10 and replace the maximum value by 0\n",
    "R = np.random.random(10)\n",
    "R[R.argmax()] = 0\n",
    "print(R)"
   ]
  },
  {
   "cell_type": "code",
   "execution_count": 122,
   "id": "76fbf45c",
   "metadata": {},
   "outputs": [
    {
     "name": "stdout",
     "output_type": "stream",
     "text": [
      "[[(0.  , 0.  ) (0.25, 0.  ) (0.5 , 0.  ) (0.75, 0.  ) (1.  , 0.  )]\n",
      " [(0.  , 0.25) (0.25, 0.25) (0.5 , 0.25) (0.75, 0.25) (1.  , 0.25)]\n",
      " [(0.  , 0.5 ) (0.25, 0.5 ) (0.5 , 0.5 ) (0.75, 0.5 ) (1.  , 0.5 )]\n",
      " [(0.  , 0.75) (0.25, 0.75) (0.5 , 0.75) (0.75, 0.75) (1.  , 0.75)]\n",
      " [(0.  , 1.  ) (0.25, 1.  ) (0.5 , 1.  ) (0.75, 1.  ) (1.  , 1.  )]]\n"
     ]
    }
   ],
   "source": [
    "#46. Create a structured array with x and y coordinates covering the [0,1]x[0,1area]\n",
    "R = np.zeros((5,5), [('x', float),('y', float)])\n",
    "R['x'], R['y'] = np.meshgrid(np.linspace(0,1,5),\n",
    "                            np.linspace(0,1,5))\n",
    "print(R)"
   ]
  },
  {
   "cell_type": "code",
   "execution_count": 136,
   "id": "1a2e19df",
   "metadata": {},
   "outputs": [
    {
     "name": "stdout",
     "output_type": "stream",
     "text": [
      "3638.1636371179666\n"
     ]
    }
   ],
   "source": [
    "#47. Given two arrays, X and Y construct the Cauchy matrix C (Cij=1/(xi-yj))\n",
    "X = np.arange(8)\n",
    "Y= X+0.5\n",
    "C=1.0 / np.subtract.outer(X,Y)\n",
    "print(np.linalg.det(C))"
   ]
  },
  {
   "cell_type": "code",
   "execution_count": 123,
   "id": "8cbf3031",
   "metadata": {},
   "outputs": [
    {
     "name": "stdout",
     "output_type": "stream",
     "text": [
      "-128\n",
      "127\n",
      "-2147483648\n",
      "2147483647\n",
      "-9223372036854775808\n",
      "9223372036854775807\n",
      "-3.4028235e+38\n",
      "3.4028235e+38\n",
      "1.1920929e-07\n",
      "-1.7976931348623157e+308\n",
      "1.7976931348623157e+308\n",
      "2.220446049250313e-16\n"
     ]
    }
   ],
   "source": [
    "#48.Print the minimum and maximum representable value for each numpy scalar type\n",
    "#integer type:\n",
    "for dtype in [np.int8, np.int32, np.int64]:\n",
    "    print(np.iinfo(dtype).min)\n",
    "    print(np.iinfo(dtype).max)\n",
    "#float type:\n",
    "for dtype in [np.float32, np.float64]:\n",
    "    print(np.finfo(dtype).min)\n",
    "    print(np.finfo(dtype).max)\n",
    "    print(np.finfo(dtype).eps)\n",
    "    "
   ]
  },
  {
   "cell_type": "code",
   "execution_count": 124,
   "id": "98ebb131",
   "metadata": {},
   "outputs": [
    {
     "name": "stdout",
     "output_type": "stream",
     "text": [
      "[[0. 0. 0. 0. 0. 0. 0. 0. 0. 0. 0. 0. 0. 0. 0.]\n",
      " [0. 0. 0. 0. 0. 0. 0. 0. 0. 0. 0. 0. 0. 0. 0.]\n",
      " [0. 0. 0. 0. 0. 0. 0. 0. 0. 0. 0. 0. 0. 0. 0.]\n",
      " [0. 0. 0. 0. 0. 0. 0. 0. 0. 0. 0. 0. 0. 0. 0.]\n",
      " [0. 0. 0. 0. 0. 0. 0. 0. 0. 0. 0. 0. 0. 0. 0.]\n",
      " [0. 0. 0. 0. 0. 0. 0. 0. 0. 0. 0. 0. 0. 0. 0.]\n",
      " [0. 0. 0. 0. 0. 0. 0. 0. 0. 0. 0. 0. 0. 0. 0.]\n",
      " [0. 0. 0. 0. 0. 0. 0. 0. 0. 0. 0. 0. 0. 0. 0.]\n",
      " [0. 0. 0. 0. 0. 0. 0. 0. 0. 0. 0. 0. 0. 0. 0.]\n",
      " [0. 0. 0. 0. 0. 0. 0. 0. 0. 0. 0. 0. 0. 0. 0.]\n",
      " [0. 0. 0. 0. 0. 0. 0. 0. 0. 0. 0. 0. 0. 0. 0.]\n",
      " [0. 0. 0. 0. 0. 0. 0. 0. 0. 0. 0. 0. 0. 0. 0.]\n",
      " [0. 0. 0. 0. 0. 0. 0. 0. 0. 0. 0. 0. 0. 0. 0.]\n",
      " [0. 0. 0. 0. 0. 0. 0. 0. 0. 0. 0. 0. 0. 0. 0.]\n",
      " [0. 0. 0. 0. 0. 0. 0. 0. 0. 0. 0. 0. 0. 0. 0.]]\n"
     ]
    }
   ],
   "source": [
    "#49. How to print all the values of an array?\n",
    "np.set_printoptions(threshold=float(\"inf\"))\n",
    "R = np.zeros((15,15))\n",
    "print(R)"
   ]
  },
  {
   "cell_type": "code",
   "execution_count": 126,
   "id": "80266f81",
   "metadata": {},
   "outputs": [
    {
     "name": "stdout",
     "output_type": "stream",
     "text": [
      "13\n"
     ]
    }
   ],
   "source": [
    "#50. How to find the closest value(to a given scalar) in a vector?\n",
    "R=np.arange(15)\n",
    "u=np.random.uniform(0,15)\n",
    "index = (np.abs(R-u)).argmin()\n",
    "print(R[index])"
   ]
  },
  {
   "cell_type": "code",
   "execution_count": 215,
   "id": "ef90f2d1",
   "metadata": {},
   "outputs": [
    {
     "name": "stdout",
     "output_type": "stream",
     "text": [
      "[((0., 0.), (0., 0., 0.)) ((0., 0.), (0., 0., 0.))\n",
      " ((0., 0.), (0., 0., 0.)) ((0., 0.), (0., 0., 0.))\n",
      " ((0., 0.), (0., 0., 0.)) ((0., 0.), (0., 0., 0.))\n",
      " ((0., 0.), (0., 0., 0.)) ((0., 0.), (0., 0., 0.))\n",
      " ((0., 0.), (0., 0., 0.)) ((0., 0.), (0., 0., 0.))]\n"
     ]
    }
   ],
   "source": [
    "#51. Create a structured array representing a psoition(x,y) and a color(r,g,b)\n",
    "R = np.zeros(10, [('position', [ ('x', float),\n",
    "                                ('y', float)]),\n",
    "                  ('color',  [('r', float),\n",
    "                              ('g', float),\n",
    "                              ('b', float)])])\n",
    "print(R)"
   ]
  },
  {
   "cell_type": "code",
   "execution_count": 133,
   "id": "67fc41d4",
   "metadata": {
    "scrolled": false
   },
   "outputs": [
    {
     "name": "stdout",
     "output_type": "stream",
     "text": [
      "[[0.         0.93003863 0.49490931 0.56643118 0.50141963 0.37255206\n",
      "  0.40781538 0.7587072  0.47370507 0.48329101]\n",
      " [0.93003863 0.         0.43693827 0.46266802 0.63323833 0.55950641\n",
      "  0.81458159 0.41379523 0.56731945 0.55275741]\n",
      " [0.49490931 0.43693827 0.         0.24947242 0.31254098 0.13616755\n",
      "  0.48636856 0.35642525 0.27401294 0.20989831]\n",
      " [0.56643118 0.46266802 0.24947242 0.         0.55789441 0.24185513\n",
      "  0.35275132 0.57321902 0.11066156 0.45674774]\n",
      " [0.50141963 0.63323833 0.31254098 0.55789441 0.         0.35199853\n",
      "  0.70367577 0.29798812 0.55508904 0.10291485]\n",
      " [0.37255206 0.55950641 0.13616755 0.24185513 0.35199853 0.\n",
      "  0.36993308 0.47699018 0.20679666 0.26347019]\n",
      " [0.40781538 0.81458159 0.48636856 0.35275132 0.70367577 0.36993308\n",
      "  0.         0.8417988  0.24813835 0.62745352]\n",
      " [0.7587072  0.41379523 0.35642525 0.57321902 0.29798812 0.47699018\n",
      "  0.8417988  0.         0.62540505 0.27638498]\n",
      " [0.47370507 0.56731945 0.27401294 0.11066156 0.55508904 0.20679666\n",
      "  0.24813835 0.62540505 0.         0.4605052 ]\n",
      " [0.48329101 0.55275741 0.20989831 0.45674774 0.10291485 0.26347019\n",
      "  0.62745352 0.27638498 0.4605052  0.        ]]\n",
      "[[0.         0.70115026 0.07022723 0.18829918 1.06108081 0.89061172\n",
      "  0.49195836 0.30266819 0.70369764 0.67163613]\n",
      " [0.70115026 0.         0.68555245 0.78604636 0.41413082 0.37896877\n",
      "  0.44031368 0.56728901 0.74656664 0.31678634]\n",
      " [0.07022723 0.68555245 0.         0.13757604 1.06094277 0.90345512\n",
      "  0.43696229 0.23922322 0.75776684 0.62660776]\n",
      " [0.18829918 0.78604636 0.13757604 0.         1.17616454 1.03053018\n",
      "  0.46795413 0.25861353 0.89126611 0.67683013]\n",
      " [1.06108081 0.41413082 1.06094277 1.17616454 0.         0.24436558\n",
      "  0.85288592 0.97589963 0.82005449 0.69892451]\n",
      " [0.89061172 0.37896877 0.90345512 1.03053018 0.24436558 0.\n",
      "  0.79401449 0.86830975 0.57571382 0.69571748]\n",
      " [0.49195836 0.44031368 0.43696229 0.46795413 0.85288592 0.79401449\n",
      "  0.         0.2097999  0.94323225 0.21586622]\n",
      " [0.30266819 0.56728901 0.23922322 0.25861353 0.97589963 0.86830975\n",
      "  0.2097999  0.         0.88021402 0.41889508]\n",
      " [0.70369764 0.74656664 0.75776684 0.89126611 0.82005449 0.57571382\n",
      "  0.94323225 0.88021402 0.         0.97931923]\n",
      " [0.67163613 0.31678634 0.62660776 0.67683013 0.69892451 0.69571748\n",
      "  0.21586622 0.41889508 0.97931923 0.        ]]\n"
     ]
    }
   ],
   "source": [
    "#52. Consider a random vector with shape(100,2) representing coordinates, find point by point distances\n",
    "\n",
    "R = np.random.random((10,2))\n",
    "X,Y = np.atleast_2d(Z[:,0], Z[:,1])\n",
    "D = np.sqrt( (X-X.T)**2 + (Y-Y.T)**2)\n",
    "print(D)\n",
    "\n",
    "# Much faster with scipy\n",
    "import scipy\n",
    "# Thanks Gavin Heverly-Coulson (#issue 1)\n",
    "import scipy.spatial\n",
    "\n",
    "R = np.random.random((10,2))\n",
    "D = scipy.spatial.distance.cdist(R,R)\n",
    "print(D)"
   ]
  },
  {
   "cell_type": "code",
   "execution_count": 134,
   "id": "b575c9b3",
   "metadata": {},
   "outputs": [
    {
     "name": "stdout",
     "output_type": "stream",
     "text": [
      "[0 1 2 3 4 5 6 7 8 9]\n"
     ]
    }
   ],
   "source": [
    "#53. How to convert a float(32 bits) array into an integer(32 bits) in place?\n",
    "R = np.arange(10, dtype=np.float32)\n",
    "R=R.astype(np.int32, copy=False)\n",
    "print(R)"
   ]
  },
  {
   "cell_type": "code",
   "execution_count": 135,
   "id": "f7bdb131",
   "metadata": {},
   "outputs": [
    {
     "name": "stdout",
     "output_type": "stream",
     "text": [
      "[[ 1  2  3  4  5]\n",
      " [ 6 -1 -1  7  8]]\n"
     ]
    }
   ],
   "source": [
    "#54. How to read the following file?\n",
    "from io import StringIO\n",
    "s = StringIO(\"\"\"1,2,3,4,5\\n\n",
    "                6, , ,7,8\\n\"\"\")\n",
    "R=np.genfromtxt(s, delimiter=\",\", dtype=int)\n",
    "print(R)\n"
   ]
  },
  {
   "cell_type": "code",
   "execution_count": 136,
   "id": "c31f6db6",
   "metadata": {},
   "outputs": [
    {
     "name": "stdout",
     "output_type": "stream",
     "text": [
      "(0, 0) 0\n",
      "(0, 1) 1\n",
      "(0, 2) 2\n",
      "(1, 0) 3\n",
      "(1, 1) 4\n",
      "(1, 2) 5\n",
      "(2, 0) 6\n",
      "(2, 1) 7\n",
      "(2, 2) 8\n",
      "(0, 0) 0\n",
      "(0, 1) 1\n",
      "(0, 2) 2\n",
      "(1, 0) 3\n",
      "(1, 1) 4\n",
      "(1, 2) 5\n",
      "(2, 0) 6\n",
      "(2, 1) 7\n",
      "(2, 2) 8\n"
     ]
    }
   ],
   "source": [
    "#55. What is the equivalent of enumerate for numpy arrays?\n",
    "R= np.arange(9).reshape(3,3)\n",
    "for index, value in np.ndenumerate(R):\n",
    "        print(index,value)\n",
    "for index in np.ndindex(R.shape):\n",
    "    print(index, R[index])"
   ]
  },
  {
   "cell_type": "code",
   "execution_count": 137,
   "id": "9d336834",
   "metadata": {},
   "outputs": [
    {
     "name": "stdout",
     "output_type": "stream",
     "text": [
      "[[0.36787944 0.44822088 0.51979489 0.57375342 0.60279818 0.60279818\n",
      "  0.57375342 0.51979489 0.44822088 0.36787944]\n",
      " [0.44822088 0.54610814 0.63331324 0.69905581 0.73444367 0.73444367\n",
      "  0.69905581 0.63331324 0.54610814 0.44822088]\n",
      " [0.51979489 0.63331324 0.73444367 0.81068432 0.85172308 0.85172308\n",
      "  0.81068432 0.73444367 0.63331324 0.51979489]\n",
      " [0.57375342 0.69905581 0.81068432 0.89483932 0.9401382  0.9401382\n",
      "  0.89483932 0.81068432 0.69905581 0.57375342]\n",
      " [0.60279818 0.73444367 0.85172308 0.9401382  0.98773022 0.98773022\n",
      "  0.9401382  0.85172308 0.73444367 0.60279818]\n",
      " [0.60279818 0.73444367 0.85172308 0.9401382  0.98773022 0.98773022\n",
      "  0.9401382  0.85172308 0.73444367 0.60279818]\n",
      " [0.57375342 0.69905581 0.81068432 0.89483932 0.9401382  0.9401382\n",
      "  0.89483932 0.81068432 0.69905581 0.57375342]\n",
      " [0.51979489 0.63331324 0.73444367 0.81068432 0.85172308 0.85172308\n",
      "  0.81068432 0.73444367 0.63331324 0.51979489]\n",
      " [0.44822088 0.54610814 0.63331324 0.69905581 0.73444367 0.73444367\n",
      "  0.69905581 0.63331324 0.54610814 0.44822088]\n",
      " [0.36787944 0.44822088 0.51979489 0.57375342 0.60279818 0.60279818\n",
      "  0.57375342 0.51979489 0.44822088 0.36787944]]\n"
     ]
    }
   ],
   "source": [
    "#56. Generate a generic 2D Gaussian-like array\n",
    "X, Y = np.meshgrid(np.linspace(-1,1,10), np.linspace(-1,1,10))\n",
    "D= np.sqrt(X*X+Y*Y)\n",
    "sigma, mu = 1.0, 0.0\n",
    "G = np.exp(-((D-mu)**2/ (2.0*sigma**2)))\n",
    "print(G)"
   ]
  },
  {
   "cell_type": "code",
   "execution_count": 138,
   "id": "f01608c7",
   "metadata": {},
   "outputs": [
    {
     "name": "stdout",
     "output_type": "stream",
     "text": [
      "[[0. 0. 0. 0. 0. 0. 0. 0. 0. 0. 0. 0. 0. 0. 0.]\n",
      " [0. 0. 0. 0. 0. 0. 0. 0. 0. 0. 0. 0. 0. 0. 0.]\n",
      " [0. 0. 0. 0. 0. 0. 0. 0. 0. 0. 0. 0. 0. 0. 0.]\n",
      " [0. 0. 0. 0. 0. 0. 0. 0. 0. 0. 0. 0. 0. 1. 0.]\n",
      " [0. 0. 0. 0. 0. 0. 0. 0. 0. 0. 0. 0. 0. 0. 0.]\n",
      " [0. 0. 0. 0. 0. 0. 0. 0. 0. 0. 0. 0. 0. 0. 0.]\n",
      " [0. 0. 0. 0. 0. 0. 0. 0. 0. 0. 0. 0. 0. 0. 0.]\n",
      " [0. 1. 0. 0. 0. 0. 0. 0. 0. 0. 0. 0. 0. 0. 0.]\n",
      " [0. 0. 0. 0. 0. 0. 0. 0. 0. 0. 0. 0. 0. 0. 0.]\n",
      " [0. 0. 0. 1. 0. 0. 0. 0. 0. 0. 0. 0. 0. 0. 0.]\n",
      " [0. 0. 0. 0. 0. 0. 0. 0. 0. 0. 0. 0. 0. 0. 0.]\n",
      " [0. 0. 0. 0. 0. 0. 0. 0. 0. 0. 1. 0. 0. 0. 0.]\n",
      " [0. 0. 0. 0. 0. 0. 0. 0. 0. 0. 0. 0. 0. 0. 0.]\n",
      " [0. 0. 0. 0. 0. 0. 0. 0. 0. 0. 0. 0. 0. 0. 0.]\n",
      " [0. 0. 0. 0. 0. 0. 0. 0. 0. 0. 0. 0. 0. 0. 0.]]\n"
     ]
    }
   ],
   "source": [
